(5832767, 5832769)
(15401819, 15401821)
(8351531, 8351533)
(16665599, 16665601)
(114041, 114043)
(320387, 320389)
(499157, 499159)
(13981349, 13981351)
(17957, 17959)
(6788687, 6788689)
(43397, 43399)
(71, 73)
(14744111, 14744113)
(5591777, 5591779)
(10836437, 10836439)
(57329, 57331)
(6128921, 6128923)
(3, 5)
(996599, 996601)
(18393101, 18393103)
(599, 601)
(7068869, 7068871)
(48857, 48859)
(11285081, 11285083)
(903389, 903391)
(39239, 39241)
(16219517, 16219519)
(13687901, 13687903)
(3583187, 3583189)
(221537, 221539)
(7354307, 7354309)
(710219, 710221)
(18409199, 18409201)
(17479127, 17479129)
(49331, 49333)
(136481, 136483)
(2033279, 2033281)
(11, 13)
(14294519, 14294521)
(732077, 732079)
(16289321, 16289323)
(463451, 463453)
(32561, 32563)
(2381, 2383)
(955307, 955309)
(4541597, 4541599)
(11613071, 11613073)
(5213231, 5213233)
(15007721, 15007723)
(45179, 45181)
