22
104 71 106 116 82 128 75 109 42
78 59 44 115 124 100 71 125 67
85 121 28 105 104 14 119 91 47
100 52 32 74 27 103 51 14 56
23
2089018456
628175011
1656478042
1131176229
1653377373
859484421
1914544919
608413784
756898537
1734575198
1973594324
149798315
2038664370
1129566413
184803526
412776091
1424268980
1911759956
749241873
137806862
42999170
982906996
135497281
34 62 93 8 113 106 63 34 66
98 125 104 63 2 127 24 107 93
108 23 16 57 93 43 109 49 60
124 51 48 61 85 109 25 92 93
26
1749698586
1469348094
1956297539
1036140795
463480570
2040651434
1975960378
317097467
1892066601
1376710097
927612902
1330573317
603570492
1687926652
660260756
959997301
485560280
402724286
593209441
1194953865
894429689
364228444
1947346619
221558440
270744729
1063958031
22 50 108 114 52 6 112 120 1
106 34 59 102 75 12 76 81 73
72 101 62 32 36 31 41 29 124
101 70 21 116 91 70 95 76 122
15
1231192379
1622597488
111537764
338888228
2147469841
438792350
1911165193
269441500
2142757034
116087764
1869470124
155324914
8936987
1982275856
1275373743
60 52 78 100 81 73 72 22 93
60 112 35 26 59 28 126 118 12
98 27 29 128 36 121 42 121 37
28 20 54 75 79 105 25 51 57
28
1351797369
492067917
1504569917
680466996
706043324
496987743
159259470
1359512183
480298490
1398295499
1096689772
2086206725
601385644
1172755590
1544617505
243268139
1012502954
1272469786
2027907669
968338082
722308542
1820388464
933110197
6939507
740759355
1285228804
1789376348
502278611
55 21 52 48 99 113 101 31 80
51 22 74 126 3 79 42 9 113
85 51 11 42 85 73 27 11 61
86 15 25 41 69 45 92 116 15
18
619290071
707900973
407487131
2113903881
7684930
1776808933
711845894
404158660
937370163
2058657199
1973387981
1642548899
1501252996
260152959
1472713773
824272813
1662739668
2025187190
72 95 51 29 109 75 69 49 119
33 36 6 109 124 51 8 5 117
109 12 58 33 59 7 68 63 6
114 109 90 104 52 56 26 81 36
11
1797073940
1756915667
1065311705
719346228
846811127
1414829150
1307565984
555996658
324763920
155789224
231602422
6 21 2 63 53 61 69 121 123
74 106 103 36 81 27 91 106 107
127 77 127 82 38 52 73 5 84
59 21 124 50 26 17 51 88 69
32
105575579
964445884
2118421993
1520223205
452867621
1017679567
1857962504
201690613
213801961
822262754
648031326
1411154259
1737518944
282828202
110613202
114723506
982936784
1676902021
1486222842
950390868
255789528
1266235189
1242608872
1137949908
1277849958
777210498
653448036
1908518808
1023457753
364686248
1309383303
1129033333
102 113 91 11 64 99 1 42 69
95 125 38 10 79 88 90 84 82
46 45 7 22 1 109 24 101 6
114 13 13 103 114 125 65 125 60
30
332266748
1192707556
31308902
816504794
820697697
655858699
1583571043
559301039
1395132002
1186090428
1974806403
1473144500
1739000681
1498617647
669908538
1387036159
12895151
1144522535
1812282134
1328104339
1380171692
1113502215
860516127
777720504
1543755629
1722060049
1455590964
328298285
70636429
136495343
80 10 85 55 100 54 66 72 101
37 4 104 89 110 23 19 109 70
58 3 89 102 11 121 30 120 10
82 38 23 66 117 32 22 43 3
26
2016764524
1717226057
1748349614
1276673168
1411328205
2137390358
2009726312
696947386
1877565100
1265204346
1369602726
1630634994
1665204916
1707056552
564325578
1297893529
1010528946
358532290
1708302647
1857756970
1874799051
1426819080
885799631
1314218593
1281830857
1386418627
1 95 111 4 41 91 77 88 107
26 110 83 84 26 77 122 12 1
35 87 27 85 25 82 127 101 90
78 70 36 18 71 2 128 74 43
33
993967637
941804289
1826620483
2045826607
2037770478
1930772757
1647149314
716334471
1152645729
470591100
1025533459
2039723618
1001089438
1899058025
2077211388
394633074
983631233
1675518157
1645933681
1943003493
553160358
1635550270
2069110699
712633417
864101839
1204275569
1190668363
1336092622
410228794
1026413173
773319847
1404196431
1968217462
107 127 101 128 2 108 98 126 127
68 28 104 64 14 106 13 127 79
51 62 122 125 13 107 72 92 37
61 3 117 51 110 115 23 109 116
37
262692685
1859031536
1338299904
1543324176
1985433483
395279207
606199759
358984857
435889744
1344593499
378469911
272020127
488663950
2033505236
29777560
345367818
257675105
991810563
1392740049
1965421244
216588711
1319041805
151519934
845563291
1066077375
937558955
629593614
524133589
1959343768
1215828993
409544918
74552805
927376882
1747844822
1617876982
765326717
2143124030
70 23 15 34 47 46 48 3 71
58 100 74 11 32 113 24 95 13
87 10 27 44 34 28 2 8 14
89 126 12 23 67 34 37 100 80
20
1022963858
1751378130
1988714904
1130698571
1250372661
1566369633
483689685
567304789
1360613073
1155722604
35756851
2000419805
746349250
441767868
1122336503
861109485
659639006
1460082195
1385414639
952062949
33 72 99 44 94 37 78 2 9
29 84 27 111 108 103 37 77 60
122 31 41 45 124 107 105 116 89
71 7 72 44 39 15 14 83 108
22
410134047
1038626924
1982945082
93189435
181271232
525829204
1527622954
1312630443
199411898
2064945486
1862875640
356684278
1022089159
1626250262
1669679262
14989683
1242561041
1581539848
1597141723
1981208324
207026272
1691449122
11 40 78 50 54 92 4 33 14
35 14 72 94 78 28 8 121 87
86 113 77 29 7 107 16 25 115
108 29 84 14 40 123 91 89 49
29
1105816539
857490000
454333378
972058109
343945053
661955081
931489114
11671338
1395405989
271059426
992028067
180785147
1675575223
1687776787
1470332231
1954696532
1862292122
134591281
101323875
1131884850
380390179
1992576590
235202254
833215350
1280311131
1370973813
1503967857
1158381494
873199181
34 108 41 114 47 38 80 56 1
122 93 99 29 88 26 49 31 110
75 80 82 125 116 32 75 106 124
65 91 50 14 124 29 55 110 75
23
580508860
428903682
617909211
1412277685
2033669086
476564285
1088590930
1671735990
2010794583
305197314
632651476
1204754116
1384095820
1875641892
500037525
1447395528
1351538839
1787897525
1745897490
1660651136
61101360
1267889618
1326247643
98 97 87 126 23 68 73 114 128
75 78 54 41 11 8 95 98 10
52 39 86 88 60 30 111 113 48
111 33 3 74 2 99 33 128 121
11
1031126087
1043388777
413360099
1844400657
286448566
629580952
396377017
6072641
1934392735
620089368
1736491298
41 76 73 126 35 5 27 17 117
74 127 22 76 73 23 46 105 22
38 76 93 16 47 110 70 71 40
7 102 64 42 14 11 114 11 45
11
750167716
1104561852
915711850
737703662
108375482
202550399
1738076217
1887665154
2118801173
1119399015
610486506
44 13 55 8 28 101 118 98 44
29 104 17 92 17 31 102 3 41
18 120 78 78 98 60 8 97 117
11 119 92 117 34 105 43 41 4
19
987706141
1292413412
1794292538
1209734969
434290636
1724916170
1444311956
153162844
2067062760
1020406649
825726814
769304465
1998994314
1968922326
221713886
1934660183
1880346039
411826969
1978701535
25 14 106 15 106 94 48 82 9
88 85 24 118 58 82 47 6 28
68 98 5 61 65 22 72 23 116
31 78 13 126 102 26 103 116 3
30
1903409954
379461075
1372668364
318322042
1987235624
1451042659
1868423919
592456289
1176225844
333293469
1779451238
478841551
242474976
972125383
1848520019
1172063133
990526343
1840019304
1953161956
830365981
2053232475
373953666
403068011
530788967
773446912
1970090192
1348361729
788380902
1321756868
1111088131
43 103 88 119 97 128 90 80 97
14 110 71 94 78 14 49 107 22
26 79 51 117 82 30 93 82 111
94 56 51 97 99 25 56 89 122
22
505593010
895873480
1587992726
1024027583
198628789
995234140
2021303708
1891342723
1374600938
572132557
461152493
597010431
962980710
984124220
649785905
1259577690
1881049613
1105629391
2086963638
1403938270
1384079421
2115227667
10 8 12 13 15 13 13 16 9
11 18 24 21 23 23 23 13 15
17 33 21 23 27 26 27 19 4
22 18 30 30 24 16 26 21 21
5
98329921
12345
800348
14
873645
1 1 1 1 1 1 1 1 1
1 1 1 1 1 1 1 1 1
1 1 1 1 1 1 1 1 1
1 1 1 1 1 1 1 1 1
6
0
1
10
100
1000000000
2000000000
