0
1
2
9
44
265
1854
14833
133496
1334961
14684570
176214841
2290792932
32071101049
481066515734
7697064251745
130850092279664
2355301661033953
44750731559645104
895014631192902144
348563181341393408
7668389989510654976
10352273095359098880
8646881330394202112
13257848449049985024
12662666348527681536
9850598083475472384
17562329305379504128
11245459865847726080
5322402648659853312
17420529518779039744
4054622389642723328
4675330342243008512
11387279046585876480
11173141082605092864
14851453425882759168
14548198620085092352
17875969425656512512
14633276873350578176
13482008649027026944
17806776472531107840
10014848897924464640
6363388915432292352
3287951173377589248
383850212315103232
17657109766494748672
18227419782032916480
7919178073231065088
658100040421605376
14458257947370717184
17948136441234063360
10965891258693713920
9343170425770737664
6469113001461940224
5313077679925231616
2384444896460144640
6786150582261383168
6215108223259639808
16203247771837267968
12964174477339394048
16051392021901869056
17508869451309645824
14700875083644141568
72057594037927936
4683743612465315840
13979173243358019584
14267403619509731328
10952754293765046272
17870283321406128128
14987979559889010688
12682136550675316736
9223372036854775808
9223372036854775808
1
74
5625
433124
33783673
2668910166
213512813281
17294537875760
1418152105812321
117706624782422640
9887356481723502592
10321817629567897600
2232600604780716032
9768811878826778624
11105217946117144576
10686961297819631616
2595824970870161408
14859143464670068736
1982137295139504128
18318071784587919360
6351548896276119552
13101334787525705728
3349542590218240000
11310981998106902528
1671591391903350784
17913595208755314688
2025345725704962048
1645733485396099072
1844118847016140800
5476800505566986240
16184930367680020480
2317233825123401728
5819112504856412160
13902483587220897792
7281957449383280640
523366813266870272
2230117238227075072
7735340484981161984
17807906927250767872
1598378744995643392
16194480266117382144
17690823232543784960
4546902793318825984
15478792754435194880
269881726107385856
13669181333069365248
16988281481883287552
7993467126117564416
15972297553446174720
9237727260667019264
1780047752718188544
1145040205258948608
15147857346660663296
5316499360110870528
16429131440647569408
16429131440647569408
14411518807585587200
6341068275337658368
6917529027641081856
16140901064495857664
4611686018427387904
13835058055282163712
1
136
18769
2608890
365244601
51499488740
7312927401081
1045748618354582
150587801043059808
3388487077534120448
15103767403533242368
6644519474240434176
5711446280978022400
2455268475085963264
17802133862413008896
13344322536479358976
17641921510521438208
5989356348185509888
23673935090941952
3669459939096002560
586684213980299264
18322445300068777984
17254281912176869376
13312701127108591616
8656611860776222720
10208704056755486720
12049834634238754816
8768173567704563712
17581171427912974336
4754466033241161728
14478110422231678976
1320966856739127296
561503047658766336
2660294685783752704
9528238814208720896
6015358743250731008
1624035711390842880
4257016964972544000
2851188956840591360
895977456945594368
10118079832748195840
1565955246604156928
2038872789896658944
14470091991020470272
3625643990637871104
10605519725620363264
11743206397112745984
9184458121324527616
11286583616143884288
3535888657439260672
12039247703868178432
836543630784069632
9696249997728677888
6363586273474510848
10043027169036206080
18203549693831544832
8646911284551352320
8646911284551352320
17293822569102704640
14987979559889010688
4611686018427387904
4611686018427387904
9223372036854775808
9223372036854775808
1
200
40401
8201402
1673086009
342982631844
70654422159865
14625465387092056
3042096800515147776
8608932801541130240
94969100101292032
1591736047663067136
5406648777798303744
7918057101046497280
15810508916381220864
5058507459404988416
4279710882613952512
6360057841750114304
2986803973308547072
8474027574737502208
1164914997585772544
17638541508231561216
5046471200981647360
111689322624712704
6571664194226094080
2884917804107038720
6355381148356444160
3825482927567798272
5213136021109080064
13216528116568031232
14535438722280718336
378923431707541504
14123259861311422464
7199102565261246464
5936289563562475520
11522241908965376000
7577711680524648448
6583493134515175424
17344863823009415168
13351781188310663168
13140760442806730752
12530030112088784896
7001259037119479808
4205491238754844672
11568938202156761088
12038016250845069312
9872945914358792192
3647423116960858112
670473394524782592
927178573284900864
10433714436710596608
17871409221312970752
2589569785738035200
9525113211888599040
2855282163752894464
8673932882315575296
6917529027641081856
6917529027641081856
13835058055282163712
4611686018427387904
1
260
68121
17915822
4729777009
1253390907384
333401981364145
89018329024226720
5410168104783209472
16489182437338320896
6413936317344702464
4182799071716515840
12469959010609659904
10097900333879656448
18259824500302675968
3937349534237851648
16797315174493061120
4276796759770923008
8357878498905292800
7558347907173187584
13408589605603639296
4677888137874112512
9445625647121563648
16780911521227079680
6518901011426312192
13212380885543813120
15605142228782022656
14563753822729011200
6950196213887008768
16358345852713959424
3107070343693467648
267010403031056384
4180061390230257664
7272878472635088896
16850702478117699584
8783075216851992576
17246093868852576256
12341770631669350400
6945577569265647616
10692356954958856192
16420361735904428032
17248214826782556160
6979048902238404608
11722992975347712000
3568258279760986112
18407619051946770432
6474487414298509312
13866020302720335872
9536372210957025280
13706705465902104576
6327557476455546880
12515503364462608384
12574050159618424832
6521212260432478208
72057594037927936
4251398048237748224
15276209936040722432
9511602413006487552
17870283321406128128
576460752303423488
1
320
103041
33282242
10783446409
3504620082924
1142506147033225
373599510079864576
11860174863938271232
9734530682975844352
2661656556566654976
14011348759213871104
3188281484198199296
10233322036555923456
5281906573411385344
16998015090406686720
11289151600395288576
4414810149044617216
16466304480316489728
11160508567005429760
12990377671388037120
2500208253028270080
6520995145028993024
4645301826088861696
11563837835546984448
5027333342446485504
5463393557786132480
14229669033413705728
8197411873809760256
1651412534625828864
6145320834044002304
17185300199136821248
17140357993137700864
14315400875474944
5067651909918130176
9682252871109705728
15787624405078638592
9924970131660734464
11364444982309027840
3105308359130087424
11106364864258375680
6454252002300919808
12149471545529466880
1486337410613641216
6071239325788405760
2393065067621908480
8864843285269577728
6770528721053941760
1244119397061099520
16358199746516484096
2001850034366185472
4816599801472745472
2440950998034808832
6584262655215665152
9097271247288401920
17275808170593222656
2449958197289549824
1297036692682702848
10664523917613334528
2017612633061982208
10376293541461622784
5764607523034234880
6917529027641081856
11529215046068469760
1
384
148225
57363074
22256872713
8657923485356
3376590159288841
1320246752281936896
1027892830651817984
16580256898263883776
2473815822788935680
17926558168732909568
15367310513764368384
13396729640302215168
789359538221219840
1359806497204338688
8967020744158478336
17106968107896799232
14812383954560090112
11092397879531143168
17216677492870348800
18331868823990304768
8700880835114434560
17930381813050507264
10685126535624523776
16785151674976043008
1276647246514880512
8193184253748445184
18284491129221021696
6776510221075349504
1570132321342849024
5968870777448038400
11186537541304057856
16206648148985118720
4423851224374181888
8919255641827049472
1398322604321800192
16844750134481780736
6488088373134098432
14343258926709997568
12562984674596487168
8159449401446629376
7937559158868410368
13583595347963281408
3054425709775683584
629800260390092800
12559694935806181376
8332503735565549568
2526519390954848256
5624995934585749504
6278017880554471424
819655132181430272
6881500230622117888
396316767208603648
7566047373982433280
1080863910568919040
14411518807585587200
9799832789158199296
14987979559889010688
17293822569102704640
4611686018427387904
4611686018427387904
9223372036854775808
9223372036854775808
1
448
201601
90922050
41096766601
18616835270252
8452043212694409
3845679661775955968
1189238767428517888
8526538577255677952
12891668830385111040
14317889559709450240
741563152037183488
9819219762369658880
17027232155942256640
6848768727286284288
4988708782793031680
13906574785065779200
5656679968600489984
3785142795962941440
559397434539638784
4102979767156867072
9939106897934155776
14293098278470811648
13280800534236758016
9925667632738992128
846719122346606592
14809957566737547264
2883565610023780352
10401734526836408320
9854947999933792256
16600353172350828544
17622826959580954624
9524237725754982400
15890053533932716032
1050322226328371200
10293867552773767168
11904863193698140160
11932617066206461952
460128024038211584
3181546846132633600
6249905567255494656
294211719406813184
15330745712778412032
16455308613481660416
14346498087965425664
3620331150452457472
2729744324139941888
7340867392613908480
14402511608330846208
15114080349455384576
15654512304739844096
5836665117072162816
9583660007044415488
14843864371813154816
13979173243358019584
17293822569102704640
8070450532247928832
6917529027641081856
2305843009213693952
9223372036854775808
9223372036854775808
1
510
261121
133955072
68852907009
35459247109634
18296971508571144
9459534269931282432
11651572291373121536
15080707119626698752
2101470879323914240
6508427778895773696
3198391021036371968
12551537368162893824
9964690676755988480
11034032437090844672
11623422764985090048
1224764675571318784
1039706121822011392
15048960306267029504
6955522478999339008
4033621606738690048
6064382234675118080
4135518182666403840
13204164772423008256
17571917089260699648
10708082251863687168
13302762327129456640
17996175470051196928
15397939660080545792
13852583274196500480
4869457414228803584
1361515971545661440
1433409600912097280
5011571800379752448
1188508297951444992
3289488101654659072
10015816455272005632
9984427597322256384
2767761038181924864
9635556955875442688
14976333532727607296
2794765043760103424
14425311081444409344
4182155203966926848
15253128987950448640
13684187467765252096
3587117103200600064
9362983625303261184
13479273684719894528
3674937295934324736
14051230837395947520
1585267068834414592
7061644215716937728
16717361816799281152
576460752303423488
12682136550675316736
14987979559889010688
9223372036854775808
9223372036854775808
1
570
326041
186821492
107235536409
61660433435174
35516409658660224
2046224299337397760
2126024299604601856
13482960606234066944
17144408436618493952
18106245945896665088
4744274423705108480
17347122037355053056
3456773348807147520
11517305017840173056
16079153550355070976
12176912392845787136
2687786394016808960
15132939810588590080
210356571845165056
13640269518235238400
13812394584187076608
395619695895511040
13637170477418938368
15995785705775169536
14968338607872409600
7874017224405549056
4742561398582673408
18442434473459974144
15860983923963068416
13931396267675484160
11878743676505030656
5545736333227458560
10764067927956127744
560438393985564672
7584273428480262144
10414696733840769024
4902396892811362304
15633911854881832960
18166289443789471744
13109661855926714368
17226127837203791872
8078754044060893184
16627571299228581888
6460132190486265856
13391453491986169856
16832203607297228800
16784915811209838592
4345973640412528640
1279022294173220864
1062849512059437056
15456353921135542272
108086391056891904
12105675798371893248
2882303761517117440
14987979559889010688
8070450532247928832
13835058055282163712
13835058055282163712
9223372036854775808
9223372036854775808
1
632
400689
254437514
161822258905
103080778922484
65765536952544792
5130689965257018368
121132644191567872
3859048631956799488
5645515839185354752
14504846149110988800
7068418730443669504
2784294929907580928
9320349570470772736
16627604065276133376
1788895252556283904
17294886339036053504
7608979484317843456
9718232536756256768
9054396682703208448
9562930218138599424
710121675106025472
3961095351707893760
15934380401041080320
9584033690674003968
15954439328537509888
17778139565484146688
1442882340261986304
12961279153985814528
2630805663667716096
10230212082997919744
4459003985503715328
13758598566442434560
13641584690723815424
4692160373975941120
16863381359014445056
10641500144127705088
9361884113675485184
9931255215003009024
14528893872873930752
1171217378093039616
14637261738907533312
11143594327974871040
6798183637515763712
9131048244493680640
11191445074015682560
17379390962022744064
12069647001352929280
10628495120594370560
17509995351216488448
5836665117072162816
7782220156096217088
18158513697557839872
5188146770730811392
4035225266123964416
9223372036854775808
9223372036854775808
1
690
477481
330894332
229640666409
159600263154254
111081783155360784
3637026564448260096
11440603886676975616
9541932870970105856
1631654996216414208
92019777714159616
9257651734211395584
14875255204848926720
12875774420328644608
1622882066595053568
2056606446115618816
15174719654397476864
7696464414454579200
15003768103978926080
8904023294626234368
3527345196876431360
2712586151520108544
15612542368044023808
5521830262863822848
505406173789290496
11382683032650514432
7922853830797033472
7011875809728135168
5577575071821594624
12910587716575428608
11374730501270011904
3754309116198125568
2694112175940698112
13629087641562513408
12080460698212106240
8211031889952112640
11121848187000717312
17031575851738595328
1360034310907756544
15147611056056041472
4857237751235346432
13723171752039677952
5609374073378308096
3656641422448132096
12853554811492106240
15483375518899765248
11159919876624089088
8773012074117726208
8448752900947050496
17077649786988920832
72057594037927936
16573246628723425280
9943947977234055168
1152921504606846976
10376293541461622784
11529215046068469760
16140901064495857664
9223372036854775808
9223372036854775808
1
750
564001
424692752
320218335009
241764842931794
182774221256436256
9232876975155384320
7204743231861252096
8163867164663062528
6433036377518178304
7153503758302511104
9180362082195734528
13300264779425382400
15693050940738764800
14800321753946521600
10745602265370853376
14629080664984518656
1066809818993393664
8720011562699456512
18240804522014277632
7241302306329722880
921926152551923712
11672641121674067968
14166376131757867008
3128778255163719680
11408452351095209984
9930321420393381888
15051042255458533376
11079430196632223744
8879326877064364032
17225263346186452992
4032762909833560064
3260121795344203776
10284805377937637376
12345061469971283968
230932626205048832
15723280159987466240
12179492611014262784
17312751761286496256
8036532797554294784
11217481509361418240
11361455959948918784
7623468269231407104
2501749593004310528
15089310551504846848
2260807012939988992
12529014163344719872
18014398509481984
14393504409076105216
4035225266123964416
