0.00
0.00
0.00
20.00
56.44
82.05
100.00
85.45
89.74
88.33
50.00
81.33
79.31
84.62
100.00
85.71
100.00
77.42
83.56
80.77
81.48
100.00
88.89
100.00
83.12
100.00
100.00
82.76
89.83
50.00
87.72
87.36
66.67
40.00
84.78
87.76
82.76
100.00
75.00
77.27
100.00
100.00
90.91
75.00
92.50
88.89
100.00
88.89
100.00
78.57
90.20
92.31
90.77
82.50
100.00
77.42
65.22
88.89
100.00
87.50
100.00
69.23
100.00
80.00
80.00
91.18
88.33
100.00
54.55
82.35
100.00
100.00
71.43
100.00
81.69
85.71
88.89
80.77
57.14
89.66
79.59
100.00
80.00
100.00
86.96
92.31
81.48
78.38
86.67
100.00
100.00
90.54
87.50
89.80
63.64
79.66
88.68
80.82
91.18
85.71
68.42
82.35
94.59
62.50
100.00
87.32
64.71
100.00
100.00
91.67
86.17
77.27
82.86
87.10
90.74
75.00
100.00
77.42
79.71
85.37
90.32
75.00
75.00
77.14
91.49
100.00
84.78
84.62
81.48
93.18
88.57
85.56
75.47
74.07
78.57
91.30
91.78
100.00
66.67
100.00
79.63
90.74
82.67
85.11
100.00
92.00
80.00
90.54
91.67
100.00
90.77
76.47
100.00
100.00
91.53
90.91
85.71
71.43
100.00
85.00
85.06
85.71
83.33
76.00
86.57
95.00
100.00
80.00
88.00
50.00
86.67
89.02
90.00
100.00
84.85
88.46
81.82
83.33
87.50
100.00
57.14
100.00
100.00
83.91
100.00
91.18
82.86
0.00
57.14
100.00
80.00
100.00
81.16
86.49
87.50
87.50
75.00
86.00
86.21
50.00
100.00
79.49
100.00
83.33
95.12
63.16
88.00
100.00
100.00
88.89
78.72
50.00
89.47
85.71
71.43
90.63
100.00
85.71
83.33
60.00
92.06
82.35
100.00
85.71
89.80
100.00
79.07
85.07
85.71
50.00
83.95
89.29
87.50
91.43
72.73
85.71
91.94
100.00
88.24
75.00
76.47
80.00
0.00
90.70
84.44
87.36
89.47
85.71
100.00
90.79
90.28
100.00
100.00
50.00
81.33
83.33
88.37
90.20
100.00
90.57
85.37
85.71
89.09
89.86
78.18
78.69
72.00
100.00
73.33
90.70
85.42
88.00
85.71
84.38
100.00
71.43
75.00
100.00
88.00
78.05
100.00
100.00
90.63
89.47
88.10
87.18
81.82
74.07
100.00
86.11
88.89
100.00
86.84
80.00
89.86
81.82
90.00
77.78
100.00
81.58
100.00
93.55
91.67
100.00
60.00
92.16
80.77
86.84
77.78
80.00
73.91
85.71
85.26
86.67
88.10
91.23
81.08
90.77
83.87
100.00
86.05
100.00
93.33
89.47
89.47
81.25
63.16
84.15
85.19
100.00
82.67
88.52
82.19
66.67
88.24
50.00
71.43
81.33
81.08
76.47
60.00
83.33
77.78
84.09
88.89
83.95
100.00
66.67
82.76
85.71
93.55
100.00
88.24
79.37
78.00
79.17
88.64
100.00
100.00
90.91
84.44
100.00
88.71
91.55
100.00
89.58
66.67
84.21
100.00
90.28
88.00
93.10
100.00
89.09
50.00
66.67
58.82
100.00
100.00
86.67
77.50
78.72
100.00
86.96
88.89
100.00
88.57
100.00
91.53
100.00
61.54
66.67
100.00
100.00
85.00
91.38
86.32
85.71
79.10
90.32
87.50
85.71
83.91
90.28
100.00
100.00
100.00
77.05
92.50
100.00
87.88
66.67
84.75
94.29
85.71
78.79
100.00
76.47
91.14
96.30
76.67
100.00
92.73
83.33
100.00
83.33
100.00
84.78
95.00
100.00
91.67
83.78
85.71
100.00
83.33
80.30
73.53
88.14
100.00
85.71
100.00
78.57
82.76
87.95
82.05
90.91
75.00
94.44
100.00
86.96
80.00
92.00
100.00
87.50
84.78
89.13
88.64
90.91
100.00
66.67
85.54
100.00
90.63
53.85
77.27
86.84
84.62
86.54
60.00
76.92
100.00
100.00
84.62
89.74
75.00
93.33
100.00
86.11
89.29
93.10
73.68
83.54
72.00
80.00
100.00
73.33
89.61
82.35
100.00
80.00
82.86
77.27
77.78
100.00
89.86
86.05
100.00
85.92
83.78
84.27
100.00
79.55
85.71
75.00
100.00
100.00
80.95
87.50
89.66
80.95
100.00
100.00
76.92
83.33
71.43
76.74
85.37
39.70
42.34
29.63
38.91
42.46
44.64
45.59
38.43
39.13
43.42
39.31
41.18
42.72
39.92
43.26
40.02
40.21
41.46
39.63
40.14
43.13
37.78
39.13
39.44
41.25
40.14
40.10
42.53
42.27
39.42
34.05
37.75
38.72
43.14
37.26
44.75
48.00
38.04
41.06
39.77
42.11
39.13
42.13
38.00
37.96
41.37
37.57
51.81
38.01
38.28
39.54
44.04
37.27
42.17
37.45
41.60
40.42
40.40
42.27
36.82
39.61
39.35
39.68
42.16
43.02
40.57
41.59
40.56
43.28
38.68
40.25
38.25
40.06
35.86
40.33
38.11
38.95
37.59
39.84
38.30
39.29
42.85
43.39
37.31
39.93
40.05
35.10
40.89
39.50
39.70
41.76
39.18
39.39
40.91
41.20
38.54
35.23
33.33
41.51
39.81
41.20
40.97
40.93
40.09
39.03
39.85
41.65
43.26
50.00
38.07
43.13
37.81
40.29
43.48
39.78
36.41
40.08
35.23
41.16
41.67
38.39
38.30
48.79
49.04
42.24
43.67
36.94
38.61
40.11
43.33
39.33
40.38
41.87
37.82
41.29
39.97
38.25
39.28
37.98
39.94
53.73
38.05
39.59
39.12
42.68
38.76
38.95
38.33
41.37
41.85
39.37
36.28
39.93
38.71
43.28
41.98
39.64
37.33
41.23
37.59
38.61
41.47
37.10
41.12
37.25
40.53
40.89
38.45
40.09
39.25
40.51
37.66
39.12
42.69
40.51
41.83
39.86
39.16
38.09
36.99
40.79
38.83
37.65
41.88
41.40
38.38
42.52
45.59
39.95
36.65
54.08
38.16
39.17
40.70
37.14
49.08
43.91
38.12
39.69
41.31
38.08
39.94
40.38
40.42
41.50
40.00
46.54
40.00
38.29
37.45
39.92
42.02
36.23
40.19
41.45
37.71
39.20
33.42
42.57
37.71
43.64
37.24
41.90
41.84
38.29
37.30
39.66
38.48
39.61
37.33
43.17
39.26
41.73
40.13
37.17
40.37
38.08
48.89
38.10
39.09
43.69
37.93
38.29
38.35
44.53
43.59
39.22
41.52
39.35
42.14
38.32
41.12
36.10
38.52
45.51
41.17
38.01
42.27
38.97
37.32
37.40
44.35
38.92
41.32
40.44
40.18
37.00
37.72
38.83
41.68
38.69
37.69
43.55
37.91
37.40
40.81
38.80
39.99
43.23
42.70
38.51
39.57
37.28
46.02
39.92
38.13
38.16
41.54
40.21
38.87
37.59
41.71
42.56
40.32
37.76
40.56
39.14
38.68
46.90
38.00
44.44
38.37
40.46
39.26
40.35
41.40
41.64
38.49
39.82
41.74
40.34
37.09
39.42
42.38
39.26
42.83
39.25
40.18
38.71
39.95
31.06
43.73
40.75
36.51
39.02
39.75
37.92
44.00
39.20
40.28
37.91
37.79
37.51
40.75
36.80
52.59
41.22
40.38
39.28
39.06
44.94
40.49
38.59
38.68
38.73
38.63
37.50
42.59
38.20
46.39
41.12
38.96
37.20
42.53
41.74
40.43
38.98
39.98
41.57
39.32
40.22
39.58
38.27
39.95
41.27
41.82
39.56
44.68
38.46
38.22
37.24
37.72
42.21
37.65
43.38
40.74
36.36
41.30
39.40
41.39
38.56
37.95
41.27
50.96
38.99
40.80
39.28
39.95
38.89
41.55
42.31
40.36
41.78
59.57
38.67
40.42
42.00
39.07
38.21
38.91
41.36
38.78
39.45
41.82
39.82
42.07
38.55
39.68
45.11
56.02
37.14
39.15
40.87
38.63
39.14
39.02
41.14
37.31
39.24
38.14
38.65
37.32
41.40
37.62
42.54
41.31
38.01
41.27
38.84
40.84
39.18
39.79
40.07
39.79
39.90
45.76
43.18
40.35
42.34
39.08
44.72
38.51
37.83
38.69
40.64
44.83
38.00
39.72
37.38
37.64
46.22
38.98
45.45
41.19
38.85
38.17
37.39
43.95
38.43
36.79
40.44
39.35
38.61
42.08
38.59
41.03
43.61
38.09
47.86
40.05
38.01
44.46
38.17
43.83
41.03
42.43
37.78
41.02
45.35
37.86
43.66
43.39
41.02
34.07
43.39
38.24
44.35
37.20
38.90
38.77
37.71
41.79
38.76
42.36
41.22
38.01
42.90
40.83
39.18
37.73
37.57
41.67
38.07
38.86
37.33
40.72
38.01
43.05
37.53
39.52
37.86
44.28
